Sephiroth | 7500 | 7 | 250 | 6
4541 | 4550 | 2
1
0
319 | 389 | 6
2
1
1
0
0
1
6134 | 6209 | 3
1
2
1
1008 | 1036 | 7
1
0
0
1
1
2
2
552 | 637 | 6
0
2
2
2
1
1
208 | 262 | 6
2
0
0
0
2
0
1817 | 1859 | 2
1
1
5252 | 5311 | 3
0
0
0
5436 | 5436 | 1
2
6086 | 6133 | 4
2
2
2
0
5729 | 5802 | 4
1
1
2
2
3010 | 3031 | 3
2
2
1
4932 | 5028 | 4
0
0
2
0
125 | 134 | 4
2
1
0
1
837 | 932 | 1
0
5803 | 5869 | 4
0
0
2
0
4411 | 4458 | 5
2
0
2
1
0
933 | 1007 | 6
2
2
0
0
2
2
4275 | 4364 | 2
0
0
1037 | 1075 | 6
0
1
1
1
0
0
1492 | 1565 | 1
0
4365 | 4410 | 1
2
4776 | 4867 | 1
2
6731 | 6810 | 6
2
2
0
0
1
2
3678 | 3686 | 5
2
2
1
0
2
5921 | 5976 | 7
2
1
0
0
1
0
2
1218 | 1313 | 4
2
0
1
0
1314 | 1382 | 4
2
0
0
2
263 | 277 | 2
2
2
2199 | 2202 | 6
1
0
2
2
0
2
4040 | 4071 | 4
0
1
2
1
638 | 648 | 3
0
2
2
6293 | 6359 | 6
2
0
1
2
2
1
4679 | 4699 | 3
2
1
2
5704 | 5724 | 1
1
4551 | 4619 | 6
1
0
1
2
2
0
6210 | 6238 | 1
2
4459 | 4540 | 2
0
1
6720 | 6730 | 3
2
2
1
1 | 60 | 3
2
0
1
6072 | 6085 | 1
1
5533 | 5543 | 1
1
6961 | 7034 | 2
1
2
5351 | 5435 | 6
0
0
0
0
2
1
3968 | 3976 | 5
1
2
2
2
1
4620 | 4678 | 5
1
0
0
0
0
2598 | 2644 | 5
0
2
0
0
2
2040 | 2058 | 1
2
4258 | 4274 | 4
2
1
0
2
3277 | 3362 | 3
2
1
0
485 | 551 | 6
0
2
1
0
0
1
2800 | 2854 | 5
2
2
0
2
0
3977 | 4039 | 2
2
1
3205 | 3216 | 7
2
1
0
1
1
0
1
6854 | 6886 | 1
0
1383 | 1418 | 4
1
0
0
2
1435 | 1491 | 6
1
0
2
2
0
0
136 | 207 | 3
0
0
2
3747 | 3755 | 2
0
1
3032 | 3083 | 4
2
0
2
0
135 | 135 | 2
1
2
2151 | 2159 | 4
0
1
2
2
2500 | 2597 | 6
0
0
1
0
2
1
3537 | 3634 | 5
2
2
0
1
2
2472 | 2497 | 4
0
0
1
0
1112 | 1144 | 6
1
0
2
2
1
1
5725 | 5728 | 1
0
1860 | 1945 | 6
2
0
2
0
0
1
6842 | 6853 | 7
1
1
2
1
0
2
1
5544 | 5559 | 4
2
2
2
0
1566 | 1592 | 2
2
0
4146 | 4162 | 1
0
5977 | 6052 | 4
1
2
2
1
1960 | 2039 | 4
2
1
0
2
2735 | 2799 | 4
1
0
2
1
6811 | 6841 | 5
2
2
2
2
2
1946 | 1946 | 4
2
2
0
0
2059 | 2108 | 5
0
1
2
1
2
7035 | 7500 | 6
0
0
0
1
1
1
3925 | 3967 | 5
1
1
1
2
1
2160 | 2181 | 7
1
1
2
0
0
1
1
2109 | 2150 | 1
2
4700 | 4705 | 5
1
0
0
0
1
3239 | 3264 | 2
0
0
3766 | 3805 | 2
0
0
3687 | 3700 | 4
2
0
1
1
3635 | 3677 | 5
0
0
1
0
2
5029 | 5128 | 1
2
4868 | 4931 | 6
0
2
2
1
1
1
1076 | 1105 | 7
2
2
1
0
0
2
1
4072 | 4145 | 1
2
6053 | 6071 | 3
0
1
0
1756 | 1816 | 4
0
0
2
2
4721 | 4775 | 6
2
2
1
2
2
0
6887 | 6960 | 7
1
2
2
0
0
2
2
3701 | 3746 | 3
0
1
2
5312 | 5350 | 3
2
1
2
1699 | 1735 | 1
0
3217 | 3238 | 2
2
1
6690 | 6719 | 3
2
1
2
3084 | 3163 | 7
0
1
1
2
2
0
2
2498 | 2499 | 7
0
2
2
0
0
1
0
1419 | 1434 | 1
0
6452 | 6501 | 4
2
2
2
0
6521 | 6593 | 2
0
0
5635 | 5670 | 3
0
0
0
1736 | 1755 | 1
2
649 | 687 | 4
2
0
0
1
3164 | 3204 | 6
2
2
2
0
2
2
1593 | 1660 | 3
1
0
0
5487 | 5488 | 3
1
2
0
3502 | 3536 | 3
0
1
2
1106 | 1111 | 7
0
0
2
1
1
1
2
4163 | 4257 | 7
0
1
2
2
0
0
2
5671 | 5703 | 1
0
2645 | 2734 | 3
2
2
2
2918 | 3009 | 3
0
1
1
5129 | 5157 | 6
1
1
2
0
0
1
3908 | 3924 | 7
2
0
1
2
0
2
0
278 | 318 | 6
2
2
2
0
1
1
3806 | 3895 | 3
0
1
0
3363 | 3419 | 5
0
1
2
1
2
2203 | 2251 | 1
0
5158 | 5251 | 5
1
1
0
0
1
6502 | 6520 | 6
1
1
2
1
1
1
6239 | 6292 | 3
1
0
1
1661 | 1698 | 7
2
2
1
2
0
2
2
3896 | 3907 | 5
2
1
1
0
1
3756 | 3765 | 3
2
0
2
6594 | 6689 | 3
2
1
1
61 | 124 | 4
1
0
0
2
688 | 760 | 6
2
1
0
0
0
0
2421 | 2471 | 7
0
0
1
2
0
0
0
1947 | 1959 | 2
1
0
2252 | 2296 | 4
0
0
2
1
4706 | 4720 | 1
1
5870 | 5920 | 6
2
0
0
2
0
2
5437 | 5486 | 7
1
0
2
0
1
1
0
5560 | 5634 | 7
0
1
2
1
2
2
0
2391 | 2420 | 2
1
1
761 | 836 | 4
0
2
0
2
1145 | 1217 | 3
2
2
0
5489 | 5532 | 5
2
0
2
2
0
3420 | 3501 | 7
2
2
1
0
1
2
1
2855 | 2917 | 4
0
1
2
0
2182 | 2198 | 3
0
2
2
6360 | 6451 | 7
2
0
0
2
0
0
0
2297 | 2390 | 3
0
0
1
390 | 484 | 7
1
0
2
0
2
0
2
3265 | 3276 | 6
2
1
2
1
0
0
